2022 5 2657.79 354.288 6.916 58.5944 1.1436 1009.2 300.4 2303.5 -5.5 19.0504 9.65 21.0152
2022 6 2650.32 346.824 6.648 57.3596 1.0996 1009.2 300.4 2303.5 -11.8 18.5512 25.3496 19.8
2022 7 2637.4 334 7.84 55.238 1.2964 1009.2 300.4 2303.4 21.0512 20.4024 3 23.0504
2022 9 2652.09 348.792 6.888 57.6856 1.1396 1009.1 300.4 2303.3 -4.3488 18.1556 18.4512 20.7504
2022 10 2642.59 339.288 7.672 56.1124 1.2688 1009.1 300.4 2303.3 -40.802 20.1008 17.1496 22.7504
2022 11 2632.21 329.008 6.904 54.4264 1.142 1009.1 300.5 2303.2 -33.0492 18.1088 20.8008 20.8512
2022 12 2604.76 301.564 8.444 49.8856 1.3968 1009.1 300.5 2303.2 -21.8004 21.958 -17.6 24.5504
2022 13 2605.39 302.288 6.752 50.0052 1.1176 1009 300.5 2303.1 -27.4492 18.8724 -9.5 20.3008
2022 17 2587.56 284.656 7.544 47.0892 1.2488 1009 300.5 2302.9 -38.7496 20.3792 -11.3996 22.5564
2022 19 2658.88 355.984 9.72 58.8896 1.6084 1008.9 300.5 2302.9 -3.5996 25.1028 -4.9 28.7008
2022 20 2637.1 334.304 8.828 55.304 1.4604 1008.9 300.5 2302.8 14.2024 22.6576 11.2496 25.3512
2022 24 2654.83 352.128 7.62 58.2512 1.2596 1008.8 300.5 2302.7 -5 20.1156 -18.8504 21.5512
2022 26 2624.64 322.04 6.68 53.2876 1.1056 1008.8 300.6 2302.6 -17.3 18.4392 -2.2 19.7504
2022 27 2626.96 324.364 6.492 53.6708 1.074 1008.8 300.6 2302.6 -20 18.63 -13.35 19.004
2022 28 2628.4 325.9 7.716 53.9252 1.2768 1008.8 300.6 2302.5 -13.4496 20.9972 16.3996 22.7624
2022 29 2629.01 326.512 7.392 54.0276 1.224 1008.8 300.6 2302.5 29.05 20.1884 -37.65 21.2184
2022 30 2609.13 306.628 7.284 50.738 1.206 1008.8 300.6 2302.5 31.7004 20.1412 -28.2504 22.1
2022 31 2598.8 296.296 8.984 49.0264 1.4864 1008.8 300.6 2302.5 4.3488 22.6684 -26.0996 26.8152
2022 32 2597.74 295.344 7.772 48.87 1.2856 1008.7 300.6 2302.4 15.8496 21.5012 -34.7992 23.5744
2022 33 2613.9 311.5 8.488 51.5424 1.4036 1008.7 300.6 2302.4 54.9 21.8652 -54.3 24.2036
2022 34 2608.53 306.132 6.764 50.6556 1.1196 1008.7 300.6 2302.4 38.9 18.3148 -4.1 19.8024
2022 35 2548.18 245.784 7.216 40.6696 1.194 1008.7 300.6 2302.4 32.6008 19.4708 1.5 21.006
2022 37 2542.88 240.584 7.3 39.8084 1.2088 1008.7 300.6 2302.3 15.4496 19.4292 8.75 21.2152
2022 38 2636.92 334.62 8.116 55.3692 1.342 1008.7 300.6 2302.3 -15.2 21.204 -1.1976 23.8056
2022 39 2644.36 342.056 7.716 56.5992 1.2784 1008.7 300.6 2302.3 -25.6 20.1188 -13.35 22.1528
2022 40 2636.72 334.424 8.532 55.35 1.412 1008.7 300.7 2302.3 9.6508 22.5756 40.2508 24.7572
2022 41 2656.04 353.736 8.748 58.5452 1.4476 1008.7 300.7 2302.3 12.6492 22.6928 -10.4488 26.082
2022 42 2645.28 342.98 6.816 56.766 1.1288 1008.7 300.7 2302.3 16.0004 19.0852 -2.22045e-18 19.6552
2022 43 2633.64 331.444 7.628 54.8568 1.2628 1008.7 300.7 2302.2 5 20.3668 -6.6 21.9612
2022 44 2613.74 311.544 9.824 51.5628 1.6264 1008.7 300.7 2302.2 33.9 24.846 34.6 27.5424
2022 45 2621.19 318.992 7.728 52.7948 1.2792 1008.7 300.7 2302.2 -7.2 20.6304 -28.25 22.106
2022 46 2631.49 329.292 6.876 54.5012 1.1384 1008.7 300.7 2302.2 -16.75 18.7808 8.9024 19.508
2022 47 2635.75 333.552 7.244 55.2056 1.1988 1008.7 300.7 2302.2 -59.5504 20.0912 -0.5 21.3016
2022 48 2625.82 323.616 6.488 53.5608 1.0744 1008.7 300.7 2302.2 -0.6996 17.8776 -32.2496 19.1532
2022 49 2596.22 294.024 7.548 48.6636 1.2488 1008.7 300.7 2302.2 10.0496 20.1636 -33.7024 21.4528
2022 50 2598.98 296.78 9.024 49.1192 1.4936 1008.7 300.7 2302.2 22.6 22.9684 -53.85 26.69
2022 51 2603.54 301.344 7.26 49.8748 1.2016 1008.7 300.7 2302.2 5.25 19.3796 -2.8 21.6532
2022 52 2610.01 307.808 9.196 50.9448 1.5228 1008.7 300.7 2302.2 60.15 23.4268 -30.6 26.448
2022 53 2623.67 321.368 9.944 53.1884 1.646 1008.7 300.7 2302.3 -0.4024 24.9216 -28.1 28.9368
2022 54 2665.75 363.452 7.656 60.1532 1.2664 1008.7 300.7 2302.3 -8.5504 19.6796 -9.6996 21.894
2022 55 2679.04 376.74 7.852 62.3696 1.3008 1008.7 300.8 2302.3 -39.8504 20.346 -11.4504 22.8156
2022 57 2651.82 349.516 9.092 57.8616 1.5048 1008.7 300.8 2302.3 18.7492 23.7864 8.2 26.9432
2022 58 2649.36 347.064 8.152 57.4564 1.3496 1008.7 300.8 2302.3 -22.9504 21.8896 7.102 24.338
2022 59 2663.22 360.816 6.708 59.732 1.1116 1008.7 300.8 2302.4 -15.3008 17.694 16 20.0512
2022 60 2646.89 344.488 6.948 57.0304 1.15 1008.7 300.8 2302.4 -20.1504 18.2776 27.7992 19.2136
2022 61 2644.47 342.072 8.712 56.63 1.4424 1008.7 300.8 2302.4 -19.3992 22.2412 22.2 25.76
2022 62 2659.47 357.068 7.384 59.112 1.2232 1008.7 300.8 2302.4 -16.1496 19.3952 16.1504 20.9732
2022 63 2666.07 363.572 6.816 60.1908 1.1284 1008.8 300.8 2302.5 56.5 18.5628 -5.0504 20.704
2022 64 2654.12 351.624 7.164 58.2104 1.186 1008.8 300.8 2302.5 -15.25 18.8212 17.7 20.1636
2022 65 2654.03 351.528 6.456 58.1952 1.0684 1008.8 300.8 2302.5 10.9496 17.4892 3.6004 19.8744
2022 66 2617.66 315.064 6.548 52.1588 1.0836 1008.8 300.8 2302.6 9.3496 17.9404 -10.9008 20.0052
2022 67 2650.06 347.464 7.992 57.522 1.322 1008.8 300.8 2302.6 -48.4 21.1108 39.05 24.502
2022 68 2666.2 363.6 8.208 60.1936 1.36 1008.8 300.8 2302.6 -84.15 21.5816 -23.3 24.742
2022 69 2660.48 357.776 10.016 59.2296 1.6584 1008.9 300.8 2302.7 -31.4 26.6352 -20.8496 29.1004
2022 70 2617.22 314.516 6.768 52.0672 1.1212 1008.9 300.8 2302.7 -13.3496 19.2292 30.3004 20.5256
2022 71 2593.75 290.952 6.748 48.1668 1.1172 1008.9 300.8 2302.8 12.1504 18.9684 3.6 20.0512
2022 72 2615.7 312.896 6.74 51.8 1.1164 1008.9 300.8 2302.8 -29.3024 18.6436 45.0504 20.5976
2022 73 2615.34 312.44 6.876 51.724 1.138 1008.9 300.8 2302.9 4.1 19.0484 23.8992 20.8972
2022 74 2624.7 321.796 7.352 53.2728 1.2168 1009 300.8 2302.9 5.5 19.8052 20.7996 21.8212
2022 75 2659.32 356.32 6.648 59.0028 1.1004 1009 300.9 2303 -19.902 18.6388 7.35 20.2308
2022 76 2674.64 371.636 6.728 61.54 1.114 1009 300.9 2303 -36.5488 19.1532 -3.6 20.5188
2022 77 2635.72 332.616 6.748 55.0784 1.1176 1009 300.9 2303.1 -7.6 18.8964 -6.3008 20.4412
2022 78 2654.46 351.36 6.936 58.1808 1.1496 1009.1 300.9 2303.1 -11.9 19.2328 6.45 21.0732
2022 79 2644.32 341.116 6.992 56.486 1.1576 1009.1 300.9 2303.2 -12.55 19.3528 6.8 20.0796
2022 80 2637.08 333.78 7.776 55.2704 1.2872 1009.1 300.9 2303.3 -7.4992 20.9256 -29 22.3564
2022 81 2624.05 320.648 10.956 53.0964 1.8136 1009.1 300.9 2303.4 -46.1992 28.4284 16.3008 31.914
2022 82 2633.34 329.94 5.796 54.6344 0.9592 1009.2 300.9 2303.4 9.8496 17.3668 29 16.7672
2022 83 2638.66 335.164 7.076 55.4992 1.1716 1009.2 300.9 2303.5 -2.3512 20.2884 16.7512 20.2064
2022 84 2633.78 330.184 6.736 54.676 1.1148 1009.2 300.9 2303.6 -6.9 18.9292 12.4 18.7252
2022 85 2635.02 331.32 6.8 54.8636 1.1272 1009.3 300.9 2303.7 21.502 19.8852 24.6004 18.1816
2022 86 2653.71 350.008 9.492 57.958 1.5704 1009.3 300.9 2303.7 -7.7488 25.4368 -30.95 27.6564
2022 87 2620.18 316.384 6.456 52.3904 1.0688 1009.4 300.9 2303.8 -8.1 18.7024 8.7 18.2444
2022 88 2606.31 302.412 6.76 50.0764 1.12 1009.4 300.9 2303.9 -37.6 18.9332 1.4992 19.09
2022 89 2619.26 315.26 6.932 52.2032 1.148 1009.4 300.9 2304 -40.7504 18.2524 -6.8512 17.9604
2022 90 2646.67 342.568 7.016 56.7252 1.162 1009.5 300.9 2304.1 -20.05 18.8172 14.8504 20.3792
2022 91 2644.11 339.908 6.98 56.2716 1.156 1009.5 300.8 2304.2 -32.2504 18.5 -14.5496 18.0052
2022 92 2625.54 321.236 6.656 53.1812 1.102 1009.6 300.8 2304.3 -5.202 17.854 -17.3992 16.4
2022 93 2596.98 292.584 8.252 48.4368 1.366 1009.6 300.8 2304.4 48.9496 22.3412 -19.7988 21.438
2022 94 2556.88 252.376 7.604 41.7808 1.2588 1009.6 300.8 2304.5 22.0996 20.362 -12.35 21.2632
2022 95 2525.54 220.936 7.096 36.5768 1.1748 1009.7 300.8 2304.6 19.3992 19.6244 5.5512 19.7684
2022 96 2538.34 233.636 6.724 38.6776 1.1136 1009.7 300.8 2304.7 4.6 17.3024 4.5 16.7024
2022 97 2532.34 227.54 6.992 37.6692 1.1588 1009.8 300.8 2304.8 10.55 18.9196 -5.5 19.662
2022 98 2565.65 260.752 7.136 43.1668 1.1816 1009.8 300.8 2304.9 2.2496 18.4696 36.0496 18.6512
2022 99 2624.93 319.928 6.94 52.9648 1.1496 1009.9 300.8 2305 6.8496 18.0216 28.7 20.0796
2022 100 2624.06 318.964 6.448 52.8028 1.0676 1009.9 300.8 2305.1 -0.9 17.8116 1.7 18.598
2022 101 2643.34 338.144 6.864 55.9792 1.1364 1010 300.8 2305.2 -11.1 18.226 16.9496 20.032
2022 102 2647.32 341.916 7.784 56.604 1.2892 1010 300.8 2305.4 -2.4008 20.2832 -27.15 22.82
2022 103 2584.65 279.152 6.028 46.2136 0.998 1010.1 300.8 2305.5 32.95 15.9288 -9.5024 17.782
2022 104 2562.28 256.684 6.4 42.494 1.0596 1010.1 300.8 2305.6 2.3 17.6348 -5.7 18.598
2022 105 2605.76 300.056 6.664 49.6612 1.102 1010.2 300.7 2305.7 -7.0504 19.3424 20.8 19.1072
2022 106 2614.23 308.428 7.096 51.0472 1.174 1010.2 300.7 2305.8 -2.7 19.6328 2.2008 20.6828
2022 107 2510.4 204.4 6.748 33.8308 1.1168 1010.3 300.7 2306 -2.2504 18.5104 4.4496 19.8516
2022 108 2529.2 223.1 6.532 36.926 1.0808 1010.4 300.7 2306.1 -10.0512 18.6556 9 18.8824
2022 109 2545.2 239.004 6.828 39.5564 1.1308 1010.4 300.7 2306.2 5.7 19.3124 10.9004 18.7628
2022 110 2620.67 314.272 6.912 52.0152 1.144 1010.5 300.7 2306.4 6.1512 19.128 32.95 19.612
2022 111 2684.26 377.764 9.24 62.5228 1.5296 1010.5 300.7 2306.5 -16 24.1824 -30.5 28.2328
2022 112 2689.97 383.372 8.78 63.4348 1.452 1010.6 300.6 2306.6 -25.4 22.2172 -8.4496 26.0244
2022 113 2642.92 336.124 7.456 55.6168 1.2332 1010.7 300.6 2306.8 -27.3 19.7524 -34.4504 22.974
2022 114 2614.73 307.832 6.544 50.9364 1.0824 1010.7 300.6 2306.9 -7.2496 18.0328 -12.55 19.1692
2022 115 2628.58 321.48 6.836 53.1948 1.1304 1010.8 300.6 2307.1 -19.65 19.2424 2.45 20.2168
2022 116 2604.54 297.344 6.972 49.2008 1.154 1010.8 300.6 2307.2 31.2 19.274 23.0504 21.8776
2022 117 2603.97 296.568 6.66 49.0716 1.1012 1010.9 300.6 2307.4 10.6024 18.118 7.5504 19.8832
2022 118 2584.71 277.212 6.548 45.8584 1.0844 1011 300.5 2307.5 -1.8496 18.218 11.2 19.8796
2022 119 2628.92 321.216 7.084 53.1368 1.1716 1011 300.5 2307.7 16.95 18.8252 -11.1504 21.1776
2022 120 2676.05 368.248 6.736 60.9184 1.1148 1011.1 300.5 2307.8 5.4496 18.1876 -1.8 21.1732
2022 121 2666.62 358.616 7.068 59.3248 1.17 1011.2 300.5 2308 -25.4 19.4708 4.8504 20.752
2022 122 2607.93 299.832 5.604 49.5876 0.9272 1011.2 300.4 2308.1 -7.5 16.0244 -6.1 16.1544
2022 123 2589.04 280.736 6.4 46.4288 1.0588 1011.3 300.4 2308.3 20.1496 18.4156 -13.4 19.5944
2022 124 2593.7 285.296 7.884 47.184 1.3032 1011.4 300.4 2308.4 20.05 21.482 8.8 22.7528
2022 125 2559.08 250.476 6.364 41.4248 1.0536 1011.4 300.4 2308.6 -50.05 17.3668 8.9 18.2524
2022 126 2536.7 228.004 6.176 37.71 1.022 1011.5 300.4 2308.7 -6.6 17.0708 34.8488 18.6024
2022 127 2576.2 267.296 5.576 44.1956 0.9212 1011.6 300.3 2308.9 -17.6992 15.4176 10.1512 16.356
2022 128 2583.88 274.78 6.364 45.4328 1.0528 1011.7 300.3 2309.1 -8.7496 17.5524 -14 19.2112
2022 129 2562.21 253.008 6.02 41.8336 0.9956 1011.7 300.3 2309.2 -6.1496 17.0088 -2.2496 17.5544
2022 130 2534.97 225.568 6.056 37.2876 1.0008 1011.8 300.2 2309.4 -12.6504 16.5124 15.55 17.3544
2022 131 2464.5 154.9 6.508 25.6048 1.0768 1011.9 300.2 2309.6 -4.0496 17.882 44.8504 19.2572
2022 132 2495.63 185.932 6.22 30.7356 1.0296 1011.9 300.2 2309.7 -11.1012 17.6996 18.7 18.5068
2022 133 2533.83 223.928 6.004 37.0156 0.992 1012 300.2 2309.9 -10.0488 17.3184 6.4504 18.1512
2022 134 2562.02 251.92 6.4 41.6324 1.0572 1012.1 300.1 2310.1 10.8996 17.7664 3.8488 19.0008
2022 135 2526.75 216.552 6.376 35.788 1.0536 1012.2 300.1 2310.2 -12.4504 17.7556 5.4496 19.2532
2022 136 2509.55 199.152 6.248 32.9132 1.0324 1012.2 300.1 2310.4 -40.5 18.0148 -9.2 19.4024
2022 137 2512.76 202.156 5.972 33.4 0.9868 1012.3 300 2310.6 -36.498 17.336 22.55 17.9512
2022 138 2574.36 263.664 7.792 43.5632 1.288 1012.4 300 2310.7 -18.6488 21.37 7.9496 24.2052
2022 139 2529.68 218.784 5.96 36.148 0.9848 1012.5 300 2310.9 -10.55 16.7512 1.3 16.88
2022 140 2510.15 199.052 6.224 32.8792 1.0272 1012.5 299.9 2311.1 6.0488 17.4632 4.2504 18.5024
2022 141 2558.4 247.204 6.744 40.8336 1.114 1012.6 299.9 2311.2 -0.4 19.0572 12.9496 20.4528
2022 142 2634.86 323.464 5.972 53.4308 0.988 1012.7 299.9 2311.4 12.6 17.1024 1.4504 18.0052
2022 143 2635.06 323.456 6.84 53.4152 1.13 1012.7 299.8 2311.6 -21.2504 18.9112 -1.3992 20.3024
2022 144 2542.55 230.852 6.296 38.1228 1.0392 1012.8 299.8 2311.7 -18.0496 17.056 -21.3 19.7024
2022 145 2544 232.1 5.72 38.3292 0.9444 1012.9 299.8 2311.9 -16.4 16.1616 -3.3504 17.2512
2022 146 2545.87 233.772 6.864 38.596 1.1332 1013 299.7 2312.1 -34.6512 18.6512 6.3 20.6124
2022 147 2505.8 193.6 6.132 31.9636 1.012 1013 299.7 2312.2 -19.2988 16.8024 -0.0488 18.088
2022 148 2524.22 211.824 6.192 34.9728 1.0228 1013.1 299.7 2312.4 -36.4512 16.7052 13.9496 18.5068
2022 149 2550.94 238.336 7.688 39.3392 1.2684 1013.2 299.6 2312.6 -60.4 20.1512 -1.1504 22.956
2022 150 2519.28 206.58 6.336 34.0968 1.0456 1013.3 299.6 2312.7 -19.95 17.0024 -12.1492 18.6652
2022 155 2545.4 231.904 5.98 38.2584 0.986 1013.6 299.4 2313.5 -7.55 16.1072 -29.9008 17.3
2022 159 2503.99 189.792 5.676 31.2956 0.9372 1013.9 299.2 2314.2 -17.5 15.2024 10.7004 16.4068
2022 160 2519.18 204.88 6.068 33.7836 1.0016 1014 299.2 2314.3 -0.5 16.0024 1.7496 17.5352
2022 172 2479.84 163.844 6.68 26.9832 1.1012 1014.7 298.7 2316 1.3992 18.0148 -14 19.4748
2022 179 2486.48 169.576 6.668 27.9136 1.098 1015.1 298.5 2316.9 -15.1492 17.822 -12.8488 19.8356
2022 181 2465.58 148.476 5.94 24.4336 0.9772 1015.2 298.4 2317.1 -24.9 16.2684 10.55 17.922
2022 182 2484.82 167.62 7.576 27.5772 1.2456 1015.2 298.3 2317.2 -6.5 20 2.6508 22.0768
2022 183 2493.74 176.44 6.108 29.0296 1.0052 1015.3 298.3 2317.3 -9.8488 16.344 -11.3 18.1772
2022 184 2487.42 170.016 5.856 27.9724 0.9628 1015.3 298.3 2317.4 -24.8004 15.972 -7.95 17.4352
2022 185 2488.33 170.832 6.236 28.0988 1.0264 1015.4 298.2 2317.5 -3.3504 16.9024 -13.4504 18.0928
2022 186 2494.63 177.028 5.792 29.1188 0.9524 1015.4 298.2 2317.6 -11.0496 15.7776 -1.9488 17.2004
2022 187 2460.43 142.732 5.692 23.478 0.9356 1015.4 298.2 2317.7 -16.75 15.1732 -4.8 16.8368
2022 189 2472.3 154.4 6.232 25.3908 1.0252 1015.5 298.1 2317.9 -13 16.9512 12.1 17.87
2022 191 2473.41 155.408 6.448 25.5504 1.0604 1015.6 298 2318 -26 17.1892 -9.85 19.274
2022 192 2482.66 164.564 7.028 27.056 1.1552 1015.6 298 2318.1 -17.3008 18.9112 7.3 21.4016
2022 193 2526.48 208.284 5.628 34.2432 0.9252 1015.7 298 2318.2 -8.5504 15.4204 7.45 17.348
2022 194 2579.5 261.2 5.18 42.932 0.852 1015.7 297.9 2318.3 -2.1 14.3264 -0.6 15.1028
2022 195 2542.37 224.072 5.164 36.8284 0.8496 1015.7 297.9 2318.3 -13.5 14.3324 -10.4504 15.88
2022 196 2511.76 193.364 5.084 31.782 0.8348 1015.7 297.9 2318.4 -20.75 13.9384 -3.8 14.706
2022 197 2514.78 196.376 5.596 32.2772 0.9196 1015.8 297.9 2318.4 -14.2512 14.9696 0.1 16.7844
2022 198 2518.02 199.52 6.02 32.7856 0.9904 1015.8 297.8 2318.5 -17.4 16.0808 -5.6004 18.2844
2022 199 2507.8 189.196 6.464 31.0892 1.0624 1015.8 297.8 2318.6 6.7004 16.6848 -7.3 19.1812
2022 200 2506.71 188.108 7.2 30.9112 1.184 1015.8 297.8 2318.6 -4.75 18.4228 16.6 21.1108
2022 202 2505.43 186.728 6.768 30.676 1.1128 1015.9 297.7 2318.7 -20.25 17.6884 4.3496 19.4336
2022 203 2501.62 182.924 5.944 30.0512 0.976 1015.9 297.7 2318.7 -34.2504 15.7584 4.0496 17.3276
2022 204 2503.63 184.828 5.288 30.364 0.868 1015.9 297.7 2318.8 -17.6 14.5504 -2.05 15.6812
2022 205 2479.08 160.284 5.308 26.3308 0.8724 1015.9 297.7 2318.8 -16.9004 14.6836 -2.4508 15.6056
2022 206 2507.38 188.576 6.128 30.9716 1.0068 1015.9 297.6 2318.8 -29.3024 16.3864 6.5996 18.1772
2022 207 2501.4 182.604 5.528 29.9912 0.9076 1015.9 297.6 2318.8 -10.5 14.5376 4.9504 16.3636
2022 208 2504.98 186.08 6.132 30.562 1.0064 1015.9 297.6 2318.9 -21.9 15.6868 -10.1504 18.0392
2022 209 2486.93 168.028 5.332 27.5964 0.8764 1016 297.6 2318.9 -9.8504 14.1328 11.5496 16.2908
2022 210 2526.14 207.244 5.228 34.0372 0.8588 1016 297.6 2318.9 -5.8016 13.9384 10.1008 14.6628
2022 211 2518.99 200.088 5.932 32.8536 0.9748 1016 297.5 2318.9 -13.7 15.2688 7.5 16.8844
2022 212 2518.14 199.244 6.5 32.7156 1.0672 1016 297.5 2318.9 -4.5 16.6896 -31.3 19.636
2022 213 2496.08 177.18 5.248 29.0928 0.8624 1016 297.5 2318.9 -7.85 14.27 3.3496 15.9772
2022 214 2496.84 177.944 5.4 29.2184 0.8868 1016 297.5 2318.9 -19.4504 14.626 6.8 16.476
2022 215 2475.08 156.18 6.884 25.6456 1.1308 1016 297.5 2318.9 8.1992 18.218 9.9996 20.5732
2022 216 2476.54 157.644 6.16 25.8852 1.012 1016 297.5 2318.9 -14.6504 16.6188 2.3008 18.2928
2022 217 2478.27 159.372 6.168 26.1692 1.012 1016 297.5 2318.9 -8.9 16.1276 -9.6 18.5696
2022 218 2460.7 141.8 5.468 23.2836 0.8976 1015.9 297.5 2318.9 -19.1508 14.7208 -7.9008 16.5124
2022 219 2473.02 154.124 6.008 25.3004 0.9852 1015.9 297.4 2318.9 -20.65 16.276 -11.0004 18.3212
2022 220 2479.63 160.828 5.7 26.402 0.936 1015.9 297.4 2318.8 -8.8 15.6688 -6.6 17.3668
2022 221 2526.41 207.612 5.336 34.082 0.876 1015.9 297.4 2318.8 -8.5504 14.8176 8.5 16.316
2022 222 2490.27 171.472 5.776 28.1484 0.9484 1015.9 297.4 2318.8 6.1008 16.5088 -8.2992 17.3184
2022 223 2472.61 153.908 5.564 25.2656 0.9128 1015.9 297.4 2318.7 6.9508 15.6072 -20.05 16.9544
2022 224 2478.3 159.604 5.552 26.2 0.9116 1015.9 297.4 2318.7 -1.7 15.2832 4.5992 17.062
2022 225 2513.98 195.284 5.68 32.0568 0.9332 1015.9 297.4 2318.7 -6.7 15.0256 -1.4512 17.3604
2022 226 2503.3 184.704 5.608 30.3216 0.9212 1015.8 297.4 2318.6 -10.6512 14.8696 -2.8504 15.8776
2022 227 2515.75 197.152 5.624 32.3648 0.924 1015.8 297.4 2318.6 -2.5 14.5212 -6.1496 16.2684
2022 228 2509.85 191.352 5.616 31.412 0.9212 1015.8 297.4 2318.5 7.25 14.71 2.6508 16.5576
2022 229 2514.48 195.984 5.676 32.1724 0.9328 1015.8 297.4 2318.5 1.5508 15.564 6.2 16.5052
2022 230 2507.72 189.32 5.824 31.0788 0.9568 1015.8 297.4 2318.4 -20.35 15.6868 -7.8508 16.2864
2022 231 2488.94 170.544 5.432 27.9964 0.8916 1015.7 297.4 2318.4 -24.4504 14.1748 9.8 15.562
2022 233 2496.23 178.032 5.94 29.2252 0.9748 1015.7 297.4 2318.2 -18.0504 15.4176 -0.9504 16.368
2022 234 2495.92 177.724 6.232 29.174 1.0224 1015.6 297.4 2318.2 -28.35 15.8776 -32.6492 17.1424
2022 235 2530.35 212.248 6.032 34.8428 0.9904 1015.6 297.4 2318.1 7.15 16.4632 -8.05 18.0556
2022 236 2519.68 201.68 5.656 33.1068 0.9296 1015.6 297.4 2318 -10.2 15.362 -15.85 16.3024
2022 237 2493.54 175.544 5.748 28.8168 0.9432 1015.6 297.4 2318 -8.1008 15.1096 -8.5512 16.7528
2022 238 2460.59 142.688 5.628 23.424 0.924 1015.5 297.4 2317.9 -3 14.7696 -9.9496 16.2528
2022 239 2446.78 128.98 5.504 21.1784 0.9048 1015.5 297.5 2317.8 -6.1496 14.418 8.202 16.3528
2022 240 2457.05 139.352 6.6 22.882 1.0836 1015.4 297.5 2317.7 1.7 17.4632 3.2504 18.9252
2022 247 2500.8 183.696 6.256 30.17 1.0264 1015.2 297.6 2317.1 -5.8996 16.5024 1.7 18.4024
2022 248 2505.77 188.772 6.2 31.004 1.0184 1015.1 297.6 2317 -8.05 16.7088 -18.2504 17.8148
2022 249 2511.99 195.092 5.576 32.042 0.9156 1015.1 297.6 2316.9 -11.0008 15.3596 14.6008 16.3632
2022 250 2496.65 179.848 5.448 29.538 0.8952 1015 297.6 2316.8 -11.3504 15.3528 -0.7 15.3072
2022 251 2520.53 203.832 6.904 33.478 1.134 1015 297.6 2316.7 9.9508 19.6552 11.25 20.8024
2022 252 2522.92 206.42 5.664 33.9108 0.9312 1014.9 297.7 2316.5 -12.9488 15.7688 -3.1996 16.9512
2022 253 2495.39 178.988 5.948 29.4048 0.9764 1014.9 297.7 2316.4 -16.7992 16.6156 2.9 17.9512
2022 254 2499.84 183.544 6.524 30.1524 1.0716 1014.8 297.7 2316.3 24.2 18.3556 8.1 19.6512
2022 255 2533.74 217.536 5.972 35.7376 0.98 1014.8 297.7 2316.2 1.1 16.556 -6.6508 17.9024
2022 256 2501.76 185.664 5.732 30.5012 0.9416 1014.7 297.7 2316.1 15.9488 16.0568 2.8 17.1
2022 258 2513.15 197.352 5.976 32.4284 0.9824 1014.6 297.8 2315.8 -3 16.1512 0.0504 18.1
2022 259 2468.29 152.588 6.136 25.0732 1.0084 1014.6 297.8 2315.7 7.5 17.3 18.6992 18.5024
2022 260 2503.97 188.368 5.572 30.9528 0.9156 1014.5 297.8 2315.6 2.9488 15.6512 11.8008 16.2024
2022 261 2509.4 193.904 6.084 31.8708 0.9996 1014.5 297.9 2315.5 3.3976 17.0544 -1.8 17.8512
2022 262 2496.82 181.42 5.576 29.818 0.9164 1014.4 297.9 2315.4 -11.8 15.5544 -4.3 15.8128
2022 263 2491.69 176.488 5.648 29.0084 0.928 1014.4 297.9 2315.2 -3.3504 15.7 -1.9 16.4544
2022 266 2533.92 219.12 5.6 36.0244 0.9212 1014.2 298 2314.8 -5.0504 15.7504 -5.3488 15.8008
2022 267 2569.4 254.704 6.732 41.8748 1.1068 1014.1 298 2314.7 -25.35 18.2052 -6.6004 20.7504
2022 268 2569.68 255.076 5.936 41.9456 0.9756 1014.1 298.1 2314.6 17.0992 16.4632 4.0496 17.3632
2022 269 2546.41 232.012 5.552 38.1536 0.9128 1014 298.1 2314.4 -0.4 15.6512 -8 15.8516
2022 270 2499.67 185.368 6.936 30.484 1.1404 1014 298.1 2314.3 8.1 19.1008 19.35 19.6532
2022 271 2484.08 169.876 7.344 27.9424 1.2076 1013.9 298.2 2314.2 28.7 20.5512 -24.5488 21.1024
2022 272 2485.64 171.644 6.42 28.2336 1.0568 1013.8 298.2 2314 -15.2508 18 1.1496 17.5632
2022 276 2470.72 157.22 6.108 25.8672 1.0052 1013.6 298.3 2313.5 18.35 16.6024 21.4504 17.5556
2022 277 2485.19 171.788 5.96 28.264 0.9796 1013.5 298.3 2313.4 32.3 16.3504 -1.7496 17.1512
2022 279 2505.14 192.044 5.936 31.6048 0.9772 1013.4 298.4 2313.1 -3.4004 16.1516 1.0504 16.7512
2022 280 2495.38 182.484 6.632 30.0304 1.092 1013.4 298.4 2312.9 22.9496 18.1524 -3.4 19.6512
2022 282 2496.12 183.424 6.524 30.1932 1.0744 1013.2 298.5 2312.7 -26.65 18.1 -9.85 19.5552
2022 287 2520.74 208.736 6.664 34.3776 1.0976 1012.9 298.7 2312 -18.4004 17.5 -20.9496 20.0552
2022 288 2516.58 204.784 8.512 33.7268 1.4028 1012.9 298.7 2311.8 -1.3 22.4328 -15.9008 24.1556
2022 289 2509.88 198.18 7.204 32.638 1.1864 1012.8 298.7 2311.7 10.6 20.3024 -10.2008 21.704
2022 292 2508.46 197.16 5.716 32.4788 0.9416 1012.6 298.8 2311.3 4.398 16.5512 -13.6004 18.2624
2022 294 2488.08 177.076 5.98 29.1768 0.986 1012.5 298.9 2311 -10.9008 17.0512 -16.7 19.008
2022 296 2504.52 193.816 5.852 31.9436 0.9644 1012.4 299 2310.7 2.0504 16.7 6 18.8592
2022 297 2516.62 206.02 6.092 33.9556 1.0044 1012.3 299 2310.6 -18.1496 17.0504 -6 19.208
2022 298 2519.59 209.092 5.532 34.4604 0.9116 1012.3 299 2310.5 -8.4 16.1528 1.1496 17.1544
2022 302 2535.56 225.564 5.472 37.194 0.9028 1012 299.2 2310 -15.5 15.9 17.1996 16.7
2022 307 2568.23 258.928 6.512 42.706 1.0744 1011.8 299.3 2309.3 7.5488 18.3024 -1.85 20.1552
2022 308 2540.44 231.236 6.436 38.1392 1.062 1011.7 299.3 2309.2 -27.2 18.1512 -6.5488 19.9568
2022 309 2532.05 222.948 6.228 36.7812 1.0276 1011.7 299.4 2309.1 -46.55 17.6528 3.2496 19.6552
2022 310 2514.65 205.748 6.456 33.9428 1.0648 1011.6 299.4 2308.9 -19.4 19.1024 -26.9 20.8188
2022 312 2532.22 223.524 5.86 36.8868 0.9672 1011.5 299.5 2308.7 0.9 16.8528 -3.3992 18.3068
2022 313 2534.13 225.528 5.8 37.216 0.9572 1011.4 299.5 2308.6 19.9488 16.6 -11.7992 18.1576
2022 314 2541.77 233.272 6.128 38.4944 1.0108 1011.4 299.5 2308.5 -19.45 17.4 6.1 18.8024
2022 315 2553.09 244.788 5.9 40.3944 0.9736 1011.3 299.5 2308.3 -22.85 16.6008 -3.5496 18.4052
2022 316 2555.9 247.704 6.428 40.886 1.0596 1011.3 299.6 2308.2 -15.75 18.2088 -9.7008 19.868
2022 317 2559.06 250.96 6.172 41.4236 1.0188 1011.2 299.6 2308.1 -9.0008 17.1512 17.2512 19.1524
2022 318 2571.15 263.152 5.728 43.4356 0.9456 1011.2 299.6 2308 -19.5 16.2024 13.0992 17.4184
2022 319 2600.24 292.344 6.396 48.2536 1.0552 1011.1 299.6 2307.9 5.4 17.854 -26.6 19.484
2022 320 2574.78 266.984 5.82 44.0792 0.9608 1011.1 299.7 2307.8 -18.1504 16.4516 -31.8496 18.6024
2022 321 2571.01 263.412 6.4 43.4892 1.0584 1011 299.7 2307.6 -36.6008 18.1024 -16.8004 19.6532
2022 322 2551.85 244.352 6.004 40.3428 0.9904 1011 299.7 2307.5 2.7496 17.6512 4.5504 18.7532
2022 323 2539.39 231.988 6.18 38.3008 1.0212 1010.9 299.7 2307.4 -4.7488 17.6 -16.6504 19.3024
2022 324 2521.84 214.54 6.176 35.4284 1.0204 1010.9 299.8 2307.3 -3.8 18.2532 7.6504 19.508
2022 325 2500.98 193.776 5.992 32.0008 0.9888 1010.8 299.8 2307.2 -7.6 17.4148 -7.5 18.9068
2022 326 2517.81 210.712 5.896 34.7968 0.9732 1010.8 299.8 2307.1 -7.55 17.6068 -9.25 18.5524
2022 329 2531.28 224.48 6.14 37.0804 1.0148 1010.7 299.9 2306.8 -12.5 17.2544 -1.3504 18.8512
2022 330 2537.4 230.696 6.832 38.106 1.1276 1010.6 299.9 2306.7 -11.75 18.5512 -5.2492 20.8512
